#save
#Wed Apr 12 11:42:00 EDT 2023
reader=java.io.BufferedReader@5305068a
satisfaction=90
crimeRateModifier=0.009999999776482582
water=100
globalDifficultyModifier=1.0
population=1000
cityDifficulty=1
crimeRate=0.01
cityName=lamp
money=100000
modifierValues=[F@27716f4
satisfactionStability=3.9999998989515007E-5
disasterChance=3.9999998989515007E-5
power=100
cityDifficultyModifier=0
