#save
#Tue Apr 04 21:09:42 EDT 2023
reader=java.io.BufferedReader@28a418fc
satisfaction=90
crimeRateModifier=0.009999999776482582
water=100
globalDifficultyModifier=1.0
population=1000
cityDifficulty=1
crimeRate=0.01
cityName=lamp
money=100000
modifierValues=[F@5caf905d
satisfactionStability=3.9999998989515007E-5
disasterChance=3.9999998989515007E-5
power=100
cityDifficultyModifier=0
